  1    1.000000   -0.412180   -1.281718    1.824361   -0.000000
  2   -0.824361   -0.165551   -2.279767    0.493258   -1.175462
  3   -0.331102   -0.211857    0.279616    0.092611    3.366738
  4   -0.423713   -0.202270   -0.063520    0.019173    1.661907
  5   -0.404540   -0.204219    0.012672    0.003897    1.402947
  6   -0.408437   -0.203821   -0.002595    0.000795    1.286528
  7   -0.407642   -0.203902    0.000529    0.000162    1.222827
  8   -0.407804   -0.203886   -0.000108    0.000033    1.182177
  9   -0.407771   -0.203889    0.000022    0.000007    1.154173
 10   -0.407778   -0.203888   -0.000004    0.000001    1.133681
 11   -0.407776   -0.203888    0.000001    0.000000    1.120845
