  1    1.000000    0.412180   -1.281718    0.175639    0.000000
  2    0.824361    0.377527   -0.437860    0.069307    1.534624
  3    0.755053    0.364668   -0.152697    0.025717    1.371418
  4    0.729336    0.360009   -0.054021    0.009318    1.277328
  5    0.720018    0.358336   -0.019233    0.003347    1.218994
  6    0.716671    0.357736   -0.006865    0.001198    1.180202
  7    0.715473    0.357522   -0.002452    0.000429    1.152854
  8    0.715044    0.357446   -0.000876    0.000153    1.132659
  9    0.714891    0.357418   -0.000313    0.000055    1.117075
 10    0.714836    0.357408   -0.000112    0.000020    1.104999
 11    0.714817    0.357405   -0.000040    0.000007    1.095074
 12    0.714810    0.357404   -0.000015    0.000003    1.086286
 13    0.714807    0.357403   -0.000005    0.000001    1.079829
